1 0.2668269230769231 0.31490384615384615 0.06490384615384616 0.0889423076923077
1 0.21394230769230768 0.31490384615384615 0.055288461538461536 0.07211538461538461
1 0.5096153846153846 0.33413461538461536 0.06971153846153846 0.08653846153846154
1 0.7139423076923077 0.3125 0.07932692307692307 0.10096153846153846
1 0.41346153846153844 0.31971153846153844 0.06971153846153846 0.09134615384615384
1 0.36778846153846156 0.3293269230769231 0.04807692307692308 0.08173076923076923
1 0.2668269230769231 0.03125 0.0673076923076923 0.0625
1 0.21394230769230768 0.027644230769230768 0.057692307692307696 0.055288461538461536
1 0.5096153846153846 0.021634615384615384 0.07211538461538461 0.04326923076923077
1 0.7139423076923077 0.036057692307692304 0.08173076923076923 0.07211538461538461
1 0.41346153846153844 0.030048076923076924 0.07211538461538461 0.06009615384615385
1 0.36899038461538464 0.02283653846153846 0.05048076923076923 0.04567307692307692
