1 0.07692307692307693 0.4519230769230769 0.016826923076923076 0.019230769230769232
1 0.44711538461538464 0.43509615384615385 0.019230769230769232 0.016826923076923076
1 0.5120192307692307 0.49759615384615385 0.02403846153846154 0.021634615384615384
1 0.8100961538461539 0.5120192307692307 0.028846153846153848 0.036057692307692304
1 0.9326923076923077 0.5192307692307693 0.036057692307692304 0.03365384615384615
1 0.6754807692307693 0.44711538461538464 0.014423076923076924 0.014423076923076924
1 0.6634615384615384 0.43990384615384615 0.014423076923076924 0.014423076923076924
1 0.25240384615384615 0.40384615384615385 0.009615384615384616 0.014423076923076924
1 0.23798076923076922 0.4110576923076923 0.009615384615384616 0.01201923076923077
1 0.07692307692307693 0.125 0.016826923076923076 0.019230769230769232
1 0.07692307692307693 0.9615384615384616 0.016826923076923076 0.019230769230769232
1 0.44711538461538464 0.14182692307692307 0.019230769230769232 0.016826923076923076
1 0.44711538461538464 0.9783653846153846 0.019230769230769232 0.016826923076923076
1 0.5120192307692307 0.07932692307692307 0.02403846153846154 0.021634615384615384
1 0.5120192307692307 0.9158653846153846 0.02403846153846154 0.021634615384615384
1 0.8100961538461539 0.06490384615384616 0.028846153846153848 0.036057692307692304
1 0.8100961538461539 0.9014423076923077 0.028846153846153848 0.036057692307692304
1 0.9326923076923077 0.057692307692307696 0.036057692307692304 0.03365384615384615
1 0.9326923076923077 0.8942307692307693 0.036057692307692304 0.03365384615384615
1 0.6754807692307693 0.12980769230769232 0.014423076923076924 0.014423076923076924
1 0.6754807692307693 0.9663461538461539 0.014423076923076924 0.014423076923076924
1 0.6634615384615384 0.13701923076923078 0.014423076923076924 0.014423076923076924
1 0.6634615384615384 0.9735576923076923 0.014423076923076924 0.014423076923076924
1 0.25240384615384615 0.17307692307692307 0.009615384615384616 0.014423076923076924
1 0.23798076923076922 0.1658653846153846 0.009615384615384616 0.01201923076923077
1 0.23918269230769232 0.9963942307692307 0.01201923076923077 0.002403846153846154
