1 0.10576923076923077 0.46634615384615385 0.06971153846153846 0.08173076923076923
1 0.16826923076923078 0.4182692307692308 0.05048076923076923 0.06971153846153846
1 0.23076923076923078 0.4519230769230769 0.057692307692307696 0.07932692307692307
1 0.40625 0.4567307692307692 0.06490384615384616 0.0889423076923077
1 0.2091346153846154 0.375 0.055288461538461536 0.06009615384615385
1 0.24519230769230768 0.3389423076923077 0.055288461538461536 0.057692307692307696
1 0.3076923076923077 0.33653846153846156 0.04807692307692308 0.06009615384615385
1 0.46875 0.30528846153846156 0.04807692307692308 0.057692307692307696
1 0.49759615384615385 0.36778846153846156 0.04807692307692308 0.07692307692307693
1 0.5192307692307693 0.43990384615384615 0.057692307692307696 0.07932692307692307
1 0.5721153846153846 0.47596153846153844 0.0673076923076923 0.0889423076923077
1 0.5697115384615384 0.3245192307692308 0.052884615384615384 0.06971153846153846
1 0.7403846153846154 0.4543269230769231 0.057692307692307696 0.07211538461538461
1 0.6971153846153846 0.4014423076923077 0.052884615384615384 0.0625
1 0.8918269230769231 0.47836538461538464 0.08173076923076923 0.0985576923076923
1 0.24519230769230768 0.01201923076923077 0.057692307692307696 0.02403846153846154
1 0.3088942307692308 0.013221153846153846 0.05048076923076923 0.026442307692307692
1 0.4699519230769231 0.028846153846153848 0.05048076923076923 0.057692307692307696
1 0.5709134615384616 0.021634615384615384 0.055288461538461536 0.04326923076923077
