1 0.0625 0.27403846153846156 0.07211538461538461 0.10336538461538461
1 0.3076923076923077 0.3293269230769231 0.07451923076923077 0.0985576923076923
1 0.21153846153846154 0.3076923076923077 0.07211538461538461 0.10096153846153846
1 0.4423076923076923 0.3629807692307692 0.0889423076923077 0.11538461538461539
1 0.6418269230769231 0.33413461538461536 0.057692307692307696 0.08173076923076923
0 0.59375 0.30288461538461536 0.07451923076923077 0.08413461538461539
1 0.0625 0.052884615384615384 0.07211538461538461 0.10336538461538461
1 0.3076923076923077 0.02403846153846154 0.07692307692307693 0.04807692307692308
1 0.2127403846153846 0.036057692307692304 0.07451923076923077 0.07211538461538461
1 0.4423076923076923 0.01201923076923077 0.09134615384615384 0.02403846153846154
1 0.6430288461538461 0.018028846153846152 0.06009615384615385 0.036057692307692304
0 0.59375 0.03365384615384615 0.07692307692307693 0.0673076923076923
