1 0.4423076923076923 0.4495192307692308 0.06009615384615385 0.07932692307692307
1 0.9302884615384616 0.5336538461538461 0.0673076923076923 0.06490384615384616
1 0.14182692307692307 0.4519230769230769 0.04567307692307692 0.04807692307692308
1 0.5552884615384616 0.4567307692307692 0.057692307692307696 0.052884615384615384
1 0.7548076923076923 0.46875 0.028846153846153848 0.03365384615384615
1 0.7283653846153846 0.4254807692307692 0.021634615384615384 0.021634615384615384
1 0.3173076923076923 0.43028846153846156 0.05048076923076923 0.04807692307692308
1 0.2644230769230769 0.4735576923076923 0.04326923076923077 0.055288461538461536
1 0.40865384615384615 0.4543269230769231 0.026442307692307692 0.040865384615384616
1 0.6081730769230769 0.4423076923076923 0.03125 0.03365384615384615
1 0.38461538461538464 0.4206730769230769 0.021634615384615384 0.028846153846153848
1 0.5072115384615384 0.4254807692307692 0.021634615384615384 0.019230769230769232
0 0.07932692307692307 0.4543269230769231 0.04807692307692308 0.06490384615384616
0 0.6225961538461539 0.4639423076923077 0.04326923076923077 0.052884615384615384
0 0.4951923076923077 0.4495192307692308 0.028846153846153848 0.03365384615384615
0 0.7956730769230769 0.42788461538461536 0.014423076923076924 0.019230769230769232
1 0.6634615384615384 0.4110576923076923 0.016826923076923076 0.02403846153846154
1 0.6322115384615384 0.3798076923076923 0.021634615384615384 0.02403846153846154
