1 0.7908653846153846 0.2860576923076923 0.057692307692307696 0.057692307692307696
1 0.11778846153846154 0.4807692307692308 0.040865384615384616 0.055288461538461536
1 0.4567307692307692 0.5456730769230769 0.04807692307692308 0.05048076923076923
1 0.47115384615384615 0.5192307692307693 0.04807692307692308 0.04567307692307692
1 0.84375 0.31971153846153844 0.028846153846153848 0.038461538461538464
1 0.7379807692307693 0.43028846153846156 0.04567307692307692 0.038461538461538464
1 0.5528846153846154 0.3389423076923077 0.014423076923076924 0.016826923076923076
1 0.49038461538461536 0.34375 0.019230769230769232 0.019230769230769232
1 0.5120192307692307 0.33653846153846156 0.016826923076923076 0.019230769230769232
1 0.53125 0.34134615384615385 0.014423076923076924 0.016826923076923076
1 0.7908653846153846 0.04567307692307692 0.057692307692307696 0.057692307692307696
1 0.8449519230769231 0.016826923076923076 0.03125 0.03365384615384615
1 0.5120192307692307 0.003605769230769231 0.019230769230769232 0.007211538461538462
